He_chr1	0	1000000	0.5680000
He_chr1	1000000	2000000	0.4150180
He_chr1	2000000	3000000	0.4110830
He_chr1	3000000	4000000	0.4420940
He_chr1	4000000	5000000	0.5132680
He_chr1	5000000	6000000	0.4475410
He_chr1	6000000	7000000	0.4761980
He_chr1	7000000	8000000	0.5214510
He_chr1	8000000	9000000	0.5029250
He_chr1	9000000	10000000	0.4421020
He_chr1	10000000	11000000	0.4519440
He_chr1	11000000	12000000	0.3565780
He_chr1	12000000	13000000	0.3974750
He_chr1	13000000	14000000	0.4242830
He_chr1	14000000	15000000	0.4799100
He_chr1	15000000	16000000	0.4235520
He_chr1	16000000	17000000	0.4160280
He_chr1	17000000	18000000	0.4192180
He_chr1	18000000	19000000	0.4766550
He_chr1	19000000	20000000	0.5329740
He_chr1	20000000	21000000	0.3940770
He_chr1	21000000	22000000	0.4572580
He_chr1	22000000	23000000	0.4422630
He_chr1	23000000	24000000	0.4393320
He_chr1	24000000	25000000	0.3799650
He_chr1	25000000	26000000	0.5398100
He_chr1	26000000	27000000	0.4319630
He_chr1	27000000	28000000	0.4249940
He_chr1	28000000	29000000	0.4441040
He_chr1	29000000	30000000	0.4586040
He_chr1	30000000	31000000	0.4895270
He_chr1	31000000	32000000	0.4076310
He_chr1	32000000	33000000	0.4594590
He_chr1	33000000	34000000	0.4605470
He_chr1	34000000	35000000	0.4735970
He_chr1	35000000	36000000	0.5157330
He_chr1	36000000	37000000	0.3632030
He_chr1	37000000	38000000	0.4071260
He_chr1	38000000	39000000	0.4498430
He_chr1	39000000	40000000	0.3957900
He_chr1	40000000	41000000	0.5504060
He_chr1	41000000	42000000	0.5605650
He_chr1	42000000	43000000	0.6898650
He_chr1	43000000	44000000	0.7708450
He_chr1	44000000	45000000	0.8276870
He_chr1	45000000	46000000	0.8165010
He_chr1	46000000	47000000	0.6861960
He_chr1	47000000	48000000	0.5283490
He_chr1	48000000	49000000	0.3750570
He_chr1	49000000	50000000	0.3969750
He_chr1	50000000	51000000	0.3767780
He_chr1	51000000	52000000	0.3812170
He_chr1	52000000	53000000	0.4372880
He_chr1	53000000	54000000	0.4745940
He_chr1	54000000	55000000	0.4078890
He_chr1	55000000	56000000	0.4372650
He_chr1	56000000	57000000	0.4210270
He_chr1	57000000	58000000	0.5357220
He_chr1	58000000	59000000	0.3991570
He_chr1	59000000	60000000	0.3202550
He_chr1	60000000	61000000	0.5099990
He_chr1	61000000	62000000	0.5086780
He_chr1	62000000	63000000	0.4205970
He_chr1	63000000	64000000	0.5038910
He_chr1	64000000	65000000	0.3778540
He_chr1	65000000	66000000	0.2858130
He_chr1	66000000	67000000	0.4231020
He_chr1	67000000	68000000	0.5073930
He_chr1	68000000	69000000	0.5364420
He_chr1	69000000	70000000	0.4994050
He_chr1	70000000	71000000	0.3818370
He_chr1	71000000	72000000	0.3229250
He_chr1	72000000	73000000	0.4315540
He_chr1	73000000	74000000	0.4988730
He_chr1	74000000	75000000	0.4981830
He_chr1	75000000	76000000	0.4834740
He_chr1	76000000	77000000	0.4328970
He_chr1	77000000	78000000	0.5031950
He_chr1	78000000	78554062	0.5924897
He_chr2	0	1000000	0.7394540
He_chr2	1000000	2000000	0.7014540
He_chr2	2000000	3000000	0.6432250
He_chr2	3000000	4000000	0.6984020
He_chr2	4000000	5000000	0.7261390
He_chr2	5000000	6000000	0.6638780
He_chr2	6000000	7000000	0.6709930
He_chr2	7000000	8000000	0.6469860
He_chr2	8000000	9000000	0.6732340
He_chr2	9000000	10000000	0.6642900
He_chr2	10000000	11000000	0.5895150
He_chr2	11000000	12000000	0.6898320
He_chr2	12000000	13000000	0.6637440
He_chr2	13000000	14000000	0.6197610
He_chr2	14000000	15000000	0.7282910
He_chr2	15000000	16000000	0.6273260
He_chr2	16000000	17000000	0.6054010
He_chr2	17000000	18000000	0.5631610
He_chr2	18000000	19000000	0.6513980
He_chr2	19000000	20000000	0.6712320
He_chr2	20000000	21000000	0.6672480
He_chr2	21000000	22000000	0.5470970
He_chr2	22000000	23000000	0.6922690
He_chr2	23000000	24000000	0.5761430
He_chr2	24000000	25000000	0.5435160
He_chr2	25000000	26000000	0.6056090
He_chr2	26000000	27000000	0.6574380
He_chr2	27000000	28000000	0.7498960
He_chr2	28000000	29000000	0.4098630
He_chr2	29000000	30000000	0.6110560
He_chr2	30000000	31000000	0.5215590
He_chr2	31000000	32000000	0.5470130
He_chr2	32000000	33000000	0.5355740
He_chr2	33000000	34000000	0.6218260
He_chr2	34000000	35000000	0.5383090
He_chr2	35000000	36000000	0.4827860
He_chr2	36000000	37000000	0.5880270
He_chr2	37000000	38000000	0.6550140
He_chr2	38000000	39000000	0.6212740
He_chr2	39000000	40000000	0.6986980
He_chr2	40000000	41000000	0.7951420
He_chr2	41000000	42000000	0.4905790
He_chr2	42000000	43000000	0.5230480
He_chr2	43000000	44000000	0.6548470
He_chr2	44000000	45000000	0.5550960
He_chr2	45000000	46000000	0.6119240
He_chr2	46000000	47000000	0.6317480
He_chr2	47000000	48000000	0.6579410
He_chr2	48000000	49000000	0.6416320
He_chr2	49000000	50000000	0.6240900
He_chr2	50000000	51000000	0.6908290
He_chr2	51000000	52000000	0.7294890
He_chr2	52000000	53000000	0.6840460
He_chr2	53000000	54000000	0.7286100
He_chr2	54000000	55000000	0.5800540
He_chr2	55000000	56000000	0.6853280
He_chr2	56000000	57000000	0.7245560
He_chr2	57000000	58000000	0.6902920
He_chr2	58000000	59000000	0.4664590
He_chr2	59000000	60000000	0.5000080
He_chr2	60000000	61000000	0.6717510
He_chr2	61000000	62000000	0.5262740
He_chr2	62000000	63000000	0.6209060
He_chr2	63000000	64000000	0.5674010
He_chr2	64000000	65000000	0.6858260
He_chr2	65000000	66000000	0.6076960
He_chr2	66000000	67000000	0.6396910
He_chr2	67000000	68000000	0.5259090
He_chr2	68000000	69000000	0.7013780
He_chr2	69000000	70000000	0.5916740
He_chr2	70000000	71000000	0.7779090
He_chr2	71000000	71715399	0.6533110
He_chr3	0	1000000	0.6882960
He_chr3	1000000	2000000	0.5806900
He_chr3	2000000	3000000	0.4372810
He_chr3	3000000	4000000	0.4218530
He_chr3	4000000	5000000	0.4549990
He_chr3	5000000	6000000	0.3936270
He_chr3	6000000	7000000	0.4843810
He_chr3	7000000	8000000	0.4759670
He_chr3	8000000	9000000	0.5450480
He_chr3	9000000	10000000	0.3764390
He_chr3	10000000	11000000	0.4554110
He_chr3	11000000	12000000	0.3221960
He_chr3	12000000	13000000	0.4646210
He_chr3	13000000	14000000	0.3556220
He_chr3	14000000	15000000	0.3829490
He_chr3	15000000	16000000	0.4195710
He_chr3	16000000	17000000	0.3646970
He_chr3	17000000	18000000	0.4521550
He_chr3	18000000	19000000	0.3838910
He_chr3	19000000	20000000	0.4372380
He_chr3	20000000	21000000	0.3666090
He_chr3	21000000	22000000	0.2778930
He_chr3	22000000	23000000	0.4543360
He_chr3	23000000	24000000	0.4654810
He_chr3	24000000	25000000	0.5050520
He_chr3	25000000	26000000	0.3500600
He_chr3	26000000	27000000	0.3396600
He_chr3	27000000	28000000	0.4181320
He_chr3	28000000	29000000	0.3854740
He_chr3	29000000	30000000	0.5057410
He_chr3	30000000	31000000	0.5202010
He_chr3	31000000	32000000	0.3969110
He_chr3	32000000	33000000	0.4160690
He_chr3	33000000	34000000	0.3947650
He_chr3	34000000	35000000	0.4815220
He_chr3	35000000	36000000	0.7396850
He_chr3	36000000	37000000	0.8235480
He_chr3	37000000	38000000	0.8230210
He_chr3	38000000	39000000	0.6917170
He_chr3	39000000	40000000	0.5448750
He_chr3	40000000	41000000	0.5041010
He_chr3	41000000	42000000	0.4576440
He_chr3	42000000	43000000	0.5290580
He_chr3	43000000	44000000	0.5272790
He_chr3	44000000	45000000	0.4912390
He_chr3	45000000	46000000	0.3829520
He_chr3	46000000	47000000	0.4791120
He_chr3	47000000	48000000	0.4268900
He_chr3	48000000	49000000	0.5402840
He_chr3	49000000	50000000	0.5626920
He_chr3	50000000	51000000	0.4708450
He_chr3	51000000	52000000	0.4431040
He_chr3	52000000	53000000	0.4754350
He_chr3	53000000	54000000	0.5047050
He_chr3	54000000	55000000	0.4922400
He_chr3	55000000	56000000	0.6235680
He_chr3	56000000	56650573	0.4755454
He_chr4	0	1000000	0.5981660
He_chr4	1000000	2000000	0.5762040
He_chr4	2000000	3000000	0.5503050
He_chr4	3000000	4000000	0.4366230
He_chr4	4000000	5000000	0.4075510
He_chr4	5000000	6000000	0.4593410
He_chr4	6000000	7000000	0.4394530
He_chr4	7000000	8000000	0.4664210
He_chr4	8000000	9000000	0.3516690
He_chr4	9000000	10000000	0.3454440
He_chr4	10000000	11000000	0.3798130
He_chr4	11000000	12000000	0.3863710
He_chr4	12000000	13000000	0.4542160
He_chr4	13000000	14000000	0.4212190
He_chr4	14000000	15000000	0.3885100
He_chr4	15000000	16000000	0.5580210
He_chr4	16000000	17000000	0.5116040
He_chr4	17000000	18000000	0.3792190
He_chr4	18000000	19000000	0.5660160
He_chr4	19000000	20000000	0.4241860
He_chr4	20000000	21000000	0.4865820
He_chr4	21000000	22000000	0.5707560
He_chr4	22000000	23000000	0.4938480
He_chr4	23000000	24000000	0.5883170
He_chr4	24000000	25000000	0.6147890
He_chr4	25000000	26000000	0.5325760
He_chr4	26000000	27000000	0.4411940
He_chr4	27000000	28000000	0.4508150
He_chr4	28000000	29000000	0.4060080
He_chr4	29000000	30000000	0.4189950
He_chr4	30000000	31000000	0.5784450
He_chr4	31000000	32000000	0.5138470
He_chr4	32000000	33000000	0.4866970
He_chr4	33000000	34000000	0.4924660
He_chr4	34000000	35000000	0.4855660
He_chr4	35000000	36000000	0.5663060
He_chr4	36000000	37000000	0.4994050
He_chr4	37000000	38000000	0.5361210
He_chr4	38000000	39000000	0.5047570
He_chr4	39000000	40000000	0.7127760
He_chr4	40000000	41000000	0.8162250
He_chr4	41000000	42000000	0.7448940
He_chr4	42000000	43000000	0.6088170
He_chr4	43000000	44000000	0.5278630
He_chr4	44000000	45000000	0.6168750
He_chr4	45000000	46000000	0.3870810
He_chr4	46000000	47000000	0.5099180
He_chr4	47000000	48000000	0.4601900
He_chr4	48000000	49000000	0.4165150
He_chr4	49000000	50000000	0.4582890
He_chr4	50000000	51000000	0.5271800
He_chr4	51000000	52000000	0.6314490
He_chr4	52000000	53000000	0.5220650
He_chr4	53000000	54000000	0.4672000
He_chr4	54000000	55000000	0.4453630
He_chr4	55000000	56000000	0.5471100
He_chr4	56000000	56843197	0.6761765
He_chr5	0	1000000	0.4821750
He_chr5	1000000	2000000	0.6213260
He_chr5	2000000	3000000	0.4772310
He_chr5	3000000	4000000	0.4828850
He_chr5	4000000	5000000	0.4587750
He_chr5	5000000	6000000	0.3659480
He_chr5	6000000	7000000	0.3547460
He_chr5	7000000	8000000	0.5734060
He_chr5	8000000	9000000	0.5575020
He_chr5	9000000	10000000	0.4999400
He_chr5	10000000	11000000	0.5367480
He_chr5	11000000	12000000	0.3944590
He_chr5	12000000	13000000	0.5843840
He_chr5	13000000	14000000	0.5368100
He_chr5	14000000	15000000	0.6299070
He_chr5	15000000	16000000	0.5250030
He_chr5	16000000	17000000	0.5130390
He_chr5	17000000	18000000	0.5089830
He_chr5	18000000	19000000	0.4532510
He_chr5	19000000	20000000	0.5432270
He_chr5	20000000	21000000	0.5633500
He_chr5	21000000	22000000	0.5868840
He_chr5	22000000	23000000	0.5826800
He_chr5	23000000	24000000	0.6712700
He_chr5	24000000	25000000	0.6310420
He_chr5	25000000	26000000	0.5448770
He_chr5	26000000	27000000	0.5894910
He_chr5	27000000	28000000	0.4996190
He_chr5	28000000	29000000	0.6022030
He_chr5	29000000	30000000	0.5376780
He_chr5	30000000	31000000	0.5859190
He_chr5	31000000	32000000	0.8266560
He_chr5	32000000	33000000	0.8308780
He_chr5	33000000	34000000	0.5141900
He_chr5	34000000	35000000	0.6108270
He_chr5	35000000	36000000	0.4491310
He_chr5	36000000	37000000	0.5745680
He_chr5	37000000	38000000	0.3904810
He_chr5	38000000	39000000	0.4232330
He_chr5	39000000	40000000	0.4210080
He_chr5	40000000	41000000	0.4373240
He_chr5	41000000	42000000	0.3853420
He_chr5	42000000	43000000	0.4284660
He_chr5	43000000	44000000	0.5253310
He_chr5	44000000	45000000	0.4776810
He_chr5	45000000	46000000	0.4713450
He_chr5	46000000	47000000	0.5236340
He_chr5	47000000	48000000	0.5641470
He_chr5	48000000	49000000	0.5481560
He_chr5	49000000	50000000	0.4456010
He_chr5	50000000	51000000	0.4905860
He_chr5	51000000	52000000	0.4882450
He_chr5	52000000	52154090	0.7293724
He_chr6	0	1000000	0.7258170
He_chr6	1000000	2000000	0.5346580
He_chr6	2000000	3000000	0.6897140
He_chr6	3000000	4000000	0.5819750
He_chr6	4000000	5000000	0.4660030
He_chr6	5000000	6000000	0.6037790
He_chr6	6000000	7000000	0.5733110
He_chr6	7000000	8000000	0.5744000
He_chr6	8000000	9000000	0.5826200
He_chr6	9000000	10000000	0.4789680
He_chr6	10000000	11000000	0.5323700
He_chr6	11000000	12000000	0.5047580
He_chr6	12000000	13000000	0.4545610
He_chr6	13000000	14000000	0.4923940
He_chr6	14000000	15000000	0.4350060
He_chr6	15000000	16000000	0.5762330
He_chr6	16000000	17000000	0.5637930
He_chr6	17000000	18000000	0.4927250
He_chr6	18000000	19000000	0.5502000
He_chr6	19000000	20000000	0.5960220
He_chr6	20000000	21000000	0.5871480
He_chr6	21000000	22000000	0.5454030
He_chr6	22000000	23000000	0.4474340
He_chr6	23000000	24000000	0.4970170
He_chr6	24000000	25000000	0.6082680
He_chr6	25000000	26000000	0.5356770
He_chr6	26000000	27000000	0.6322520
He_chr6	27000000	28000000	0.4568970
He_chr6	28000000	29000000	0.5399640
He_chr6	29000000	30000000	0.6310190
He_chr6	30000000	31000000	0.8546090
He_chr6	31000000	32000000	0.7001360
He_chr6	32000000	33000000	0.5445450
He_chr6	33000000	34000000	0.7427310
He_chr6	34000000	35000000	0.7503930
He_chr6	35000000	36000000	0.5215090
He_chr6	36000000	37000000	0.4998700
He_chr6	37000000	38000000	0.4997060
He_chr6	38000000	39000000	0.5212450
He_chr6	39000000	40000000	0.4840210
He_chr6	40000000	41000000	0.5634510
He_chr6	41000000	42000000	0.6162530
He_chr6	42000000	43000000	0.5886010
He_chr6	43000000	44000000	0.5044240
He_chr6	44000000	45000000	0.4800680
He_chr6	45000000	46000000	0.5509080
He_chr6	46000000	47000000	0.4701350
He_chr6	47000000	48000000	0.4189400
He_chr6	48000000	49000000	0.5208800
He_chr6	49000000	50000000	0.4824370
He_chr6	50000000	51000000	0.7078980
He_chr6	51000000	52000000	0.4443250
He_chr6	52000000	53000000	0.7044040
He_chr6	53000000	54000000	0.6031630
He_chr6	54000000	54795018	0.6327605
He_chr7	0	1000000	0.6978810
He_chr7	1000000	2000000	0.4658150
He_chr7	2000000	3000000	0.5346650
He_chr7	3000000	4000000	0.5762970
He_chr7	4000000	5000000	0.6099470
He_chr7	5000000	6000000	0.6384890
He_chr7	6000000	7000000	0.5759140
He_chr7	7000000	8000000	0.5061400
He_chr7	8000000	9000000	0.4339860
He_chr7	9000000	10000000	0.6362830
He_chr7	10000000	11000000	0.4777150
He_chr7	11000000	12000000	0.4769460
He_chr7	12000000	13000000	0.3998380
He_chr7	13000000	14000000	0.5271030
He_chr7	14000000	15000000	0.6061080
He_chr7	15000000	16000000	0.5524320
He_chr7	16000000	17000000	0.4921890
He_chr7	17000000	18000000	0.5081520
He_chr7	18000000	19000000	0.4741520
He_chr7	19000000	20000000	0.3572210
He_chr7	20000000	21000000	0.5705940
He_chr7	21000000	22000000	0.2971520
He_chr7	22000000	23000000	0.4901590
He_chr7	23000000	24000000	0.4765980
He_chr7	24000000	25000000	0.5427870
He_chr7	25000000	26000000	0.4093890
He_chr7	26000000	27000000	0.5844610
He_chr7	27000000	28000000	0.4487300
He_chr7	28000000	29000000	0.5294000
He_chr7	29000000	30000000	0.4471760
He_chr7	30000000	31000000	0.5112870
He_chr7	31000000	32000000	0.6113620
He_chr7	32000000	33000000	0.5408990
He_chr7	33000000	34000000	0.5622680
He_chr7	34000000	35000000	0.6595640
He_chr7	35000000	36000000	0.4498480
He_chr7	36000000	37000000	0.5010150
He_chr7	37000000	38000000	0.6833250
He_chr7	38000000	39000000	0.6549960
He_chr7	39000000	40000000	0.6257830
He_chr7	40000000	41000000	0.5242920
He_chr7	41000000	42000000	0.5523140
He_chr7	42000000	43000000	0.6244600
He_chr7	43000000	44000000	0.5892500
He_chr7	44000000	45000000	0.5613110
He_chr7	45000000	46000000	0.5837460
He_chr7	46000000	47000000	0.6081050
He_chr7	47000000	48000000	0.6808620
He_chr7	48000000	49000000	0.7173860
He_chr7	49000000	49373989	0.7294198
He_chr8	0	1000000	0.4923530
He_chr8	1000000	2000000	0.4682470
He_chr8	2000000	3000000	0.5513740
He_chr8	3000000	4000000	0.4303410
He_chr8	4000000	5000000	0.5242400
He_chr8	5000000	6000000	0.5629810
He_chr8	6000000	7000000	0.6473360
He_chr8	7000000	8000000	0.5549230
He_chr8	8000000	9000000	0.4454510
He_chr8	9000000	10000000	0.5151090
He_chr8	10000000	11000000	0.3933840
He_chr8	11000000	12000000	0.4793230
He_chr8	12000000	13000000	0.4540620
He_chr8	13000000	14000000	0.4379100
He_chr8	14000000	15000000	0.4344070
He_chr8	15000000	16000000	0.4343250
He_chr8	16000000	17000000	0.5808800
He_chr8	17000000	18000000	0.5178190
He_chr8	18000000	19000000	0.4084300
He_chr8	19000000	20000000	0.5444030
He_chr8	20000000	21000000	0.5969240
He_chr8	21000000	22000000	0.6246500
He_chr8	22000000	23000000	0.5119590
He_chr8	23000000	24000000	0.4618490
He_chr8	24000000	25000000	0.3407480
He_chr8	25000000	26000000	0.3790080
He_chr8	26000000	27000000	0.5106840
He_chr8	27000000	28000000	0.4771010
He_chr8	28000000	29000000	0.4684790
He_chr8	29000000	30000000	0.5390390
He_chr8	30000000	31000000	0.4552710
He_chr8	31000000	32000000	0.5161490
He_chr8	32000000	33000000	0.4797580
He_chr8	33000000	34000000	0.5136940
He_chr8	34000000	35000000	0.4352740
He_chr8	35000000	36000000	0.4719520
He_chr8	36000000	37000000	0.4810190
He_chr8	37000000	38000000	0.6434240
He_chr8	38000000	39000000	0.5064180
He_chr8	39000000	40000000	0.4390120
He_chr8	40000000	41000000	0.5494130
He_chr8	41000000	42000000	0.4390180
He_chr8	42000000	43000000	0.4594910
He_chr8	43000000	44000000	0.5460390
He_chr8	44000000	45000000	0.6298310
He_chr8	45000000	46000000	0.8043620
He_chr8	46000000	47000000	0.8083930
He_chr8	47000000	48000000	0.8158180
He_chr8	48000000	49000000	0.5668980
He_chr8	49000000	49071437	0.4663410
He_chr9	0	1000000	0.5437560
He_chr9	1000000	2000000	0.5436920
He_chr9	2000000	3000000	0.4972100
He_chr9	3000000	4000000	0.5516120
He_chr9	4000000	5000000	0.5704420
He_chr9	5000000	6000000	0.5482860
He_chr9	6000000	7000000	0.5664760
He_chr9	7000000	8000000	0.3809890
He_chr9	8000000	9000000	0.4648930
He_chr9	9000000	10000000	0.4009340
He_chr9	10000000	11000000	0.6597050
He_chr9	11000000	12000000	0.3923500
He_chr9	12000000	13000000	0.5762510
He_chr9	13000000	14000000	0.5870460
He_chr9	14000000	15000000	0.5560410
He_chr9	15000000	16000000	0.5709250
He_chr9	16000000	17000000	0.5650080
He_chr9	17000000	18000000	0.5462400
He_chr9	18000000	19000000	0.6229930
He_chr9	19000000	20000000	0.7852360
He_chr9	20000000	21000000	0.6849780
He_chr9	21000000	22000000	0.7181920
He_chr9	22000000	23000000	0.5909910
He_chr9	23000000	24000000	0.5517990
He_chr9	24000000	25000000	0.5300760
He_chr9	25000000	26000000	0.6018830
He_chr9	26000000	27000000	0.6228250
He_chr9	27000000	28000000	0.5046070
He_chr9	28000000	29000000	0.5844400
He_chr9	29000000	30000000	0.5413900
He_chr9	30000000	31000000	0.5851280
He_chr9	31000000	32000000	0.6032750
He_chr9	32000000	33000000	0.4321280
He_chr9	33000000	34000000	0.4763650
He_chr9	34000000	35000000	0.4978610
He_chr9	35000000	36000000	0.5436720
He_chr9	36000000	37000000	0.4928440
He_chr9	37000000	38000000	0.4758500
He_chr9	38000000	39000000	0.5512640
He_chr9	39000000	40000000	0.5875840
He_chr9	40000000	41000000	0.5061170
He_chr9	41000000	42000000	0.6896360
He_chr9	42000000	43000000	0.5875330
He_chr9	43000000	44000000	0.4511580
He_chr9	44000000	45000000	0.4924330
He_chr9	45000000	46000000	0.5286150
He_chr9	46000000	47000000	0.4805380
He_chr9	47000000	48000000	0.4573160
He_chr9	48000000	49000000	0.5168920
He_chr9	49000000	50000000	0.5249170
He_chr9	50000000	51000000	0.3912500
He_chr9	51000000	52000000	0.4714650
He_chr9	52000000	53000000	0.4203360
He_chr9	53000000	53544062	0.4610706
He_chr10	0	1000000	0.5982060
He_chr10	1000000	2000000	0.7294890
He_chr10	2000000	3000000	0.6572110
He_chr10	3000000	4000000	0.6921510
He_chr10	4000000	5000000	0.5629170
He_chr10	5000000	6000000	0.5852460
He_chr10	6000000	7000000	0.5557060
He_chr10	7000000	8000000	0.5989170
He_chr10	8000000	9000000	0.7632660
He_chr10	9000000	10000000	0.5932430
He_chr10	10000000	11000000	0.6166830
He_chr10	11000000	12000000	0.5454600
He_chr10	12000000	13000000	0.6344050
He_chr10	13000000	14000000	0.6368160
He_chr10	14000000	15000000	0.4961060
He_chr10	15000000	16000000	0.6198200
He_chr10	16000000	17000000	0.7546420
He_chr10	17000000	18000000	0.6903980
He_chr10	18000000	19000000	0.5423600
He_chr10	19000000	20000000	0.5406180
He_chr10	20000000	21000000	0.4867400
He_chr10	21000000	22000000	0.6078960
He_chr10	22000000	23000000	0.4129100
He_chr10	23000000	24000000	0.4786970
He_chr10	24000000	25000000	0.4868230
He_chr10	25000000	26000000	0.5751310
He_chr10	26000000	27000000	0.5640550
He_chr10	27000000	28000000	0.5748230
He_chr10	28000000	29000000	0.5373890
He_chr10	29000000	30000000	0.5538400
He_chr10	30000000	31000000	0.5754490
He_chr10	31000000	32000000	0.5755950
He_chr10	32000000	33000000	0.5785200
He_chr10	33000000	34000000	0.4595270
He_chr10	34000000	35000000	0.5926030
He_chr10	35000000	36000000	0.4504440
He_chr10	36000000	37000000	0.5606510
He_chr10	37000000	38000000	0.3932980
He_chr10	38000000	39000000	0.5369690
He_chr10	39000000	40000000	0.5366030
He_chr10	40000000	41000000	0.4993320
He_chr10	41000000	42000000	0.5052260
He_chr10	42000000	43000000	0.5318820
He_chr10	43000000	44000000	0.6578480
He_chr10	44000000	45000000	0.6017110
He_chr10	45000000	46000000	0.6352820
He_chr10	46000000	47000000	0.6593460
He_chr10	47000000	48000000	0.5867920
He_chr10	48000000	49000000	0.6218330
He_chr10	49000000	50000000	0.5661420
He_chr10	50000000	51000000	0.5522040
He_chr10	51000000	52000000	0.5171310
He_chr10	52000000	53000000	0.5299530
He_chr10	53000000	54000000	0.6313530
He_chr10	54000000	55000000	0.7048630
He_chr10	55000000	55791632	0.7443370
He_chr11	0	1000000	0.7595970
He_chr11	1000000	2000000	0.7676220
He_chr11	2000000	3000000	0.7501850
He_chr11	3000000	4000000	0.6960260
He_chr11	4000000	5000000	0.5397170
He_chr11	5000000	6000000	0.6696670
He_chr11	6000000	7000000	0.5865330
He_chr11	7000000	8000000	0.7384290
He_chr11	8000000	9000000	0.6954870
He_chr11	9000000	10000000	0.5870070
He_chr11	10000000	11000000	0.7353520
He_chr11	11000000	12000000	0.6235520
He_chr11	12000000	13000000	0.6279390
He_chr11	13000000	14000000	0.6923860
He_chr11	14000000	15000000	0.6991860
He_chr11	15000000	16000000	0.5897840
He_chr11	16000000	17000000	0.6101300
He_chr11	17000000	18000000	0.6831670
He_chr11	18000000	19000000	0.6076320
He_chr11	19000000	20000000	0.6216700
He_chr11	20000000	21000000	0.5955630
He_chr11	21000000	22000000	0.5881320
He_chr11	22000000	23000000	0.7174000
He_chr11	23000000	24000000	0.6780030
He_chr11	24000000	25000000	0.6278920
He_chr11	25000000	26000000	0.6255010
He_chr11	26000000	27000000	0.7296390
He_chr11	27000000	28000000	0.6457430
He_chr11	28000000	29000000	0.7047050
He_chr11	29000000	30000000	0.5749440
He_chr11	30000000	31000000	0.7061650
He_chr11	31000000	32000000	0.6030080
He_chr11	32000000	33000000	0.5522270
He_chr11	33000000	34000000	0.6715620
He_chr11	34000000	35000000	0.7558610
He_chr11	35000000	36000000	0.6167290
He_chr11	36000000	37000000	0.6033710
He_chr11	37000000	38000000	0.6901410
He_chr11	38000000	39000000	0.6572580
He_chr11	39000000	40000000	0.5709110
He_chr11	40000000	41000000	0.5722660
He_chr11	41000000	42000000	0.6730200
He_chr11	42000000	43000000	0.6532380
He_chr11	43000000	44000000	0.5654010
He_chr11	44000000	45000000	0.6528570
He_chr11	45000000	46000000	0.6879780
He_chr11	46000000	47000000	0.5536920
He_chr11	47000000	48000000	0.6965710
He_chr11	48000000	49000000	0.6894460
He_chr11	49000000	50000000	0.6678470
He_chr11	50000000	51000000	0.7655370
He_chr11	51000000	52000000	0.7041230
He_chr11	52000000	53000000	0.6970920
He_chr11	53000000	54000000	0.7678930
He_chr11	54000000	55000000	0.8201100
He_chr11	55000000	56000000	0.7952880
He_chr11	56000000	57000000	0.7736520
He_chr11	57000000	58000000	0.8218520
He_chr11	58000000	59000000	0.8053120
He_chr11	59000000	60000000	0.8490730
He_chr11	60000000	60414877	0.7453318
He_chr12	0	1000000	0.7323930
He_chr12	1000000	2000000	0.5771020
He_chr12	2000000	3000000	0.6204500
He_chr12	3000000	4000000	0.5717340
He_chr12	4000000	5000000	0.7088110
He_chr12	5000000	6000000	0.6614620
He_chr12	6000000	7000000	0.6324360
He_chr12	7000000	8000000	0.6121210
He_chr12	8000000	9000000	0.5037410
He_chr12	9000000	10000000	0.5583760
He_chr12	10000000	11000000	0.5717600
He_chr12	11000000	12000000	0.4965220
He_chr12	12000000	13000000	0.7666060
He_chr12	13000000	14000000	0.6171930
He_chr12	14000000	15000000	0.6333990
He_chr12	15000000	16000000	0.6912680
He_chr12	16000000	17000000	0.5761760
He_chr12	17000000	18000000	0.6094410
He_chr12	18000000	19000000	0.5765700
He_chr12	19000000	20000000	0.5992200
He_chr12	20000000	21000000	0.7229280
He_chr12	21000000	22000000	0.6126040
He_chr12	22000000	23000000	0.5745270
He_chr12	23000000	24000000	0.4965930
He_chr12	24000000	25000000	0.6076880
He_chr12	25000000	26000000	0.6688970
He_chr12	26000000	27000000	0.7058520
He_chr12	27000000	28000000	0.6144660
He_chr12	28000000	29000000	0.6941300
He_chr12	29000000	30000000	0.6255910
He_chr12	30000000	31000000	0.7523660
He_chr12	31000000	32000000	0.7357470
He_chr12	32000000	33000000	0.6516570
He_chr12	33000000	34000000	0.6494810
He_chr12	34000000	35000000	0.6430980
He_chr12	35000000	36000000	0.5290480
He_chr12	36000000	37000000	0.6529260
He_chr12	37000000	38000000	0.5819740
He_chr12	38000000	39000000	0.5803330
He_chr12	39000000	40000000	0.5425750
He_chr12	40000000	41000000	0.5863340
He_chr12	41000000	42000000	0.5435160
He_chr12	42000000	43000000	0.5870890
He_chr12	43000000	44000000	0.6471830
He_chr12	44000000	45000000	0.6290960
He_chr12	45000000	46000000	0.5424120
He_chr12	46000000	47000000	0.5447100
He_chr12	47000000	48000000	0.6096140
He_chr12	48000000	49000000	0.7030430
He_chr12	49000000	50000000	0.7510850
He_chr12	50000000	51000000	0.7498570
He_chr12	51000000	51325886	0.7646815
He_chr13	0	1000000	0.5856090
He_chr13	1000000	2000000	0.5667110
He_chr13	2000000	3000000	0.4170310
He_chr13	3000000	4000000	0.4381110
He_chr13	4000000	5000000	0.5356460
He_chr13	5000000	6000000	0.5451730
He_chr13	6000000	7000000	0.4963610
He_chr13	7000000	8000000	0.4565620
He_chr13	8000000	9000000	0.4827030
He_chr13	9000000	10000000	0.5583380
He_chr13	10000000	11000000	0.6414630
He_chr13	11000000	12000000	0.5425710
He_chr13	12000000	13000000	0.6229080
He_chr13	13000000	14000000	0.5522170
He_chr13	14000000	15000000	0.5250530
He_chr13	15000000	16000000	0.5431780
He_chr13	16000000	17000000	0.4896400
He_chr13	17000000	18000000	0.4704650
He_chr13	18000000	19000000	0.4605380
He_chr13	19000000	20000000	0.5135740
He_chr13	20000000	21000000	0.6332280
He_chr13	21000000	22000000	0.6169790
He_chr13	22000000	23000000	0.5873080
He_chr13	23000000	24000000	0.3598570
He_chr13	24000000	25000000	0.5004020
He_chr13	25000000	26000000	0.4666090
He_chr13	26000000	27000000	0.6637800
He_chr13	27000000	28000000	0.5872330
He_chr13	28000000	29000000	0.5509410
He_chr13	29000000	30000000	0.6570610
He_chr13	30000000	31000000	0.6605730
He_chr13	31000000	32000000	0.4893910
He_chr13	32000000	33000000	0.6581430
He_chr13	33000000	34000000	0.5308380
He_chr13	34000000	35000000	0.5637380
He_chr13	35000000	36000000	0.6272660
He_chr13	36000000	37000000	0.5004380
He_chr13	37000000	38000000	0.5408060
He_chr13	38000000	39000000	0.5284650
He_chr13	39000000	39571473	0.4604749
He_chr14	0	1000000	0.6918730
He_chr14	1000000	2000000	0.5866190
He_chr14	2000000	3000000	0.3731720
He_chr14	3000000	4000000	0.5311510
He_chr14	4000000	5000000	0.4614400
He_chr14	5000000	6000000	0.4783570
He_chr14	6000000	7000000	0.4693240
He_chr14	7000000	8000000	0.4240260
He_chr14	8000000	9000000	0.4057480
He_chr14	9000000	10000000	0.4686190
He_chr14	10000000	11000000	0.3897430
He_chr14	11000000	12000000	0.5926590
He_chr14	12000000	13000000	0.4632450
He_chr14	13000000	14000000	0.4595330
He_chr14	14000000	15000000	0.6403670
He_chr14	15000000	16000000	0.4788350
He_chr14	16000000	17000000	0.4613600
He_chr14	17000000	18000000	0.4474800
He_chr14	18000000	19000000	0.4881650
He_chr14	19000000	20000000	0.6042090
He_chr14	20000000	21000000	0.7198800
He_chr14	21000000	22000000	0.8575600
He_chr14	22000000	23000000	0.8394850
He_chr14	23000000	24000000	0.6607530
He_chr14	24000000	25000000	0.5410160
He_chr14	25000000	26000000	0.6347780
He_chr14	26000000	27000000	0.4481270
He_chr14	27000000	28000000	0.4335950
He_chr14	28000000	29000000	0.5116300
He_chr14	29000000	30000000	0.5221000
He_chr14	30000000	31000000	0.5536240
He_chr14	31000000	32000000	0.4076320
He_chr14	32000000	33000000	0.4161060
He_chr14	33000000	34000000	0.4154440
He_chr14	34000000	35000000	0.4286360
He_chr14	35000000	36000000	0.5739250
He_chr14	36000000	37000000	0.4064000
He_chr14	37000000	38000000	0.4809300
He_chr14	38000000	39000000	0.4881180
He_chr14	39000000	40000000	0.4010930
He_chr14	40000000	41000000	0.4995840
He_chr14	41000000	42000000	0.5502970
He_chr14	42000000	43000000	0.4819940
He_chr14	43000000	44000000	0.5441900
He_chr14	44000000	45000000	0.4556290
He_chr14	45000000	46000000	0.4989760
He_chr14	46000000	46128125	0.8550166
He_chr15	0	1000000	0.7093440
He_chr15	1000000	2000000	0.4451650
He_chr15	2000000	3000000	0.4711200
He_chr15	3000000	4000000	0.3472380
He_chr15	4000000	5000000	0.5030430
He_chr15	5000000	6000000	0.4150370
He_chr15	6000000	7000000	0.4706840
He_chr15	7000000	8000000	0.5054270
He_chr15	8000000	9000000	0.3623110
He_chr15	9000000	10000000	0.6508970
He_chr15	10000000	11000000	0.4950130
He_chr15	11000000	12000000	0.4114250
He_chr15	12000000	13000000	0.4811620
He_chr15	13000000	14000000	0.4295210
He_chr15	14000000	15000000	0.7009070
He_chr15	15000000	16000000	0.4546970
He_chr15	16000000	17000000	0.4170010
He_chr15	17000000	18000000	0.4682710
He_chr15	18000000	19000000	0.4871300
He_chr15	19000000	20000000	0.5067110
He_chr15	20000000	21000000	0.5977740
He_chr15	21000000	22000000	0.8072930
He_chr15	22000000	23000000	0.8205420
He_chr15	23000000	24000000	0.7999470
He_chr15	24000000	25000000	0.6456230
He_chr15	25000000	26000000	0.5199480
He_chr15	26000000	27000000	0.5056960
He_chr15	27000000	28000000	0.5538330
He_chr15	28000000	29000000	0.4254240
He_chr15	29000000	30000000	0.4989770
He_chr15	30000000	31000000	0.4531300
He_chr15	31000000	32000000	0.4311440
He_chr15	32000000	33000000	0.5577530
He_chr15	33000000	34000000	0.3744820
He_chr15	34000000	35000000	0.3887010
He_chr15	35000000	36000000	0.3306620
He_chr15	36000000	37000000	0.5473030
He_chr15	37000000	38000000	0.5354080
He_chr15	38000000	39000000	0.4721820
He_chr15	39000000	40000000	0.3667310
He_chr15	40000000	41000000	0.5362830
He_chr15	41000000	42000000	0.7140090
He_chr15	42000000	42174613	0.6710955
He_chr16	0	1000000	0.4758370
He_chr16	1000000	2000000	0.5496280
He_chr16	2000000	3000000	0.4383990
He_chr16	3000000	4000000	0.6178750
He_chr16	4000000	5000000	0.5241130
He_chr16	5000000	6000000	0.5357110
He_chr16	6000000	7000000	0.5194160
He_chr16	7000000	8000000	0.5263350
He_chr16	8000000	9000000	0.5141950
He_chr16	9000000	10000000	0.5981360
He_chr16	10000000	11000000	0.5306230
He_chr16	11000000	12000000	0.5508520
He_chr16	12000000	13000000	0.4072140
He_chr16	13000000	14000000	0.4248270
He_chr16	14000000	15000000	0.4411660
He_chr16	15000000	16000000	0.5753950
He_chr16	16000000	17000000	0.7277400
He_chr16	17000000	18000000	0.7391060
He_chr16	18000000	19000000	0.5335200
He_chr16	19000000	20000000	0.5346640
He_chr16	20000000	21000000	0.5132600
He_chr16	21000000	22000000	0.4875530
He_chr16	22000000	23000000	0.5339720
He_chr16	23000000	24000000	0.4031730
He_chr16	24000000	25000000	0.5010830
He_chr16	25000000	26000000	0.4484130
He_chr16	26000000	27000000	0.3951210
He_chr16	27000000	28000000	0.5581730
He_chr16	28000000	29000000	0.4767810
He_chr16	29000000	30000000	0.5208200
He_chr16	30000000	31000000	0.3849720
He_chr16	31000000	32000000	0.3922910
He_chr16	32000000	33000000	0.4893720
He_chr16	33000000	34000000	0.5587590
He_chr16	34000000	35000000	0.3360940
He_chr16	35000000	36000000	0.5668850
He_chr16	36000000	37000000	0.6525770
He_chr16	37000000	38000000	0.4294260
He_chr16	38000000	39000000	0.5730860
He_chr16	39000000	40000000	0.4510880
He_chr16	40000000	41000000	0.4547170
He_chr16	41000000	42000000	0.4763900
He_chr16	42000000	43000000	0.5232420
He_chr16	43000000	43151226	0.7398595
He_chr17	0	1000000	0.6783780
He_chr17	1000000	2000000	0.7352900
He_chr17	2000000	3000000	0.4286840
He_chr17	3000000	4000000	0.4794620
He_chr17	4000000	5000000	0.5561450
He_chr17	5000000	6000000	0.4702270
He_chr17	6000000	7000000	0.5326130
He_chr17	7000000	8000000	0.5384930
He_chr17	8000000	9000000	0.4776890
He_chr17	9000000	10000000	0.5814770
He_chr17	10000000	11000000	0.5965750
He_chr17	11000000	12000000	0.4284310
He_chr17	12000000	13000000	0.4590020
He_chr17	13000000	14000000	0.4885110
He_chr17	14000000	15000000	0.5630070
He_chr17	15000000	16000000	0.8092380
He_chr17	16000000	17000000	0.7675260
He_chr17	17000000	18000000	0.6018000
He_chr17	18000000	19000000	0.5327920
He_chr17	19000000	20000000	0.4180670
He_chr17	20000000	21000000	0.5023760
He_chr17	21000000	22000000	0.4791050
He_chr17	22000000	23000000	0.5263040
He_chr17	23000000	24000000	0.4296020
He_chr17	24000000	25000000	0.4687580
He_chr17	25000000	26000000	0.5403530
He_chr17	26000000	27000000	0.5618490
He_chr17	27000000	28000000	0.5256360
He_chr17	28000000	29000000	0.4729270
He_chr17	29000000	30000000	0.4998220
He_chr17	30000000	31000000	0.5188960
He_chr17	31000000	32000000	0.5110330
He_chr17	32000000	33000000	0.4555170
He_chr17	33000000	34000000	0.4042300
He_chr17	34000000	35000000	0.5820230
He_chr17	35000000	36000000	0.4890110
He_chr17	36000000	37000000	0.5358170
He_chr17	37000000	37624446	0.5624874
He_chr18	0	1000000	0.6000710
He_chr18	1000000	2000000	0.5401020
He_chr18	2000000	3000000	0.5753230
He_chr18	3000000	4000000	0.5977170
He_chr18	4000000	5000000	0.5664550
He_chr18	5000000	6000000	0.5707330
He_chr18	6000000	7000000	0.4875850
He_chr18	7000000	8000000	0.5424450
He_chr18	8000000	9000000	0.5572110
He_chr18	9000000	10000000	0.4706070
He_chr18	10000000	11000000	0.5868960
He_chr18	11000000	12000000	0.5759730
He_chr18	12000000	13000000	0.5134960
He_chr18	13000000	14000000	0.6007320
He_chr18	14000000	15000000	0.5328490
He_chr18	15000000	16000000	0.6070240
He_chr18	16000000	17000000	0.5046800
He_chr18	17000000	18000000	0.7862220
He_chr18	18000000	19000000	0.8099830
He_chr18	19000000	20000000	0.6818310
He_chr18	20000000	21000000	0.4598000
He_chr18	21000000	22000000	0.5453170
He_chr18	22000000	23000000	0.5553220
He_chr18	23000000	24000000	0.5636370
He_chr18	24000000	25000000	0.5771400
He_chr18	25000000	26000000	0.6141660
He_chr18	26000000	27000000	0.5466110
He_chr18	27000000	28000000	0.5014410
He_chr18	28000000	29000000	0.5192510
He_chr18	29000000	30000000	0.4300140
He_chr18	30000000	31000000	0.4153820
He_chr18	31000000	32000000	0.5359710
He_chr18	32000000	33000000	0.5564940
He_chr18	33000000	34000000	0.3829510
He_chr18	34000000	35000000	0.4417680
He_chr18	35000000	36000000	0.5833020
He_chr18	36000000	37000000	0.5710910
He_chr18	37000000	38000000	0.6538180
He_chr18	38000000	39000000	0.6389260
He_chr18	39000000	40000000	0.7687470
He_chr18	40000000	41000000	0.5488590
He_chr18	41000000	41902230	0.5896822
He_chr19	0	1000000	0.6126870
He_chr19	1000000	2000000	0.6238640
He_chr19	2000000	3000000	0.6193330
He_chr19	3000000	4000000	0.6137020
He_chr19	4000000	5000000	0.5355680
He_chr19	5000000	6000000	0.5595100
He_chr19	6000000	7000000	0.5278080
He_chr19	7000000	8000000	0.5478460
He_chr19	8000000	9000000	0.4990750
He_chr19	9000000	10000000	0.5227520
He_chr19	10000000	11000000	0.5503390
He_chr19	11000000	12000000	0.5244920
He_chr19	12000000	13000000	0.5372960
He_chr19	13000000	14000000	0.6071840
He_chr19	14000000	15000000	0.5679620
He_chr19	15000000	16000000	0.5605560
He_chr19	16000000	17000000	0.5091060
He_chr19	17000000	18000000	0.6073350
He_chr19	18000000	19000000	0.5432210
He_chr19	19000000	20000000	0.4025380
He_chr19	20000000	21000000	0.4376140
He_chr19	21000000	22000000	0.5753670
He_chr19	22000000	23000000	0.5483780
He_chr19	23000000	24000000	0.5031140
He_chr19	24000000	25000000	0.4800040
He_chr19	25000000	26000000	0.4739460
He_chr19	26000000	27000000	0.5309830
He_chr19	27000000	28000000	0.5334970
He_chr19	28000000	29000000	0.5861810
He_chr19	29000000	30000000	0.5063020
He_chr19	30000000	31000000	0.5704290
He_chr19	31000000	32000000	0.5717800
He_chr19	32000000	33000000	0.6102170
He_chr19	33000000	34000000	0.4968770
He_chr19	34000000	35000000	0.5269030
He_chr19	35000000	36000000	0.4936660
He_chr19	36000000	37000000	0.5790920
He_chr19	37000000	37017750	0.9952676
He_chr20	0	1000000	0.5589290
He_chr20	1000000	2000000	0.5181120
He_chr20	2000000	3000000	0.6124130
He_chr20	3000000	4000000	0.5812030
He_chr20	4000000	5000000	0.4388750
He_chr20	5000000	6000000	0.4746600
He_chr20	6000000	7000000	0.4369350
He_chr20	7000000	8000000	0.4644980
He_chr20	8000000	9000000	0.4737800
He_chr20	9000000	10000000	0.4606290
He_chr20	10000000	11000000	0.4333930
He_chr20	11000000	12000000	0.4673050
He_chr20	12000000	13000000	0.5894980
He_chr20	13000000	14000000	0.5765070
He_chr20	14000000	15000000	0.5538640
He_chr20	15000000	16000000	0.4845700
He_chr20	16000000	17000000	0.5287610
He_chr20	17000000	18000000	0.4904690
He_chr20	18000000	19000000	0.4180680
He_chr20	19000000	20000000	0.4586560
He_chr20	20000000	21000000	0.4262840
He_chr20	21000000	22000000	0.5586970
He_chr20	22000000	23000000	0.5559390
He_chr20	23000000	24000000	0.5069510
He_chr20	24000000	25000000	0.5530050
He_chr20	25000000	26000000	0.7571940
He_chr20	26000000	27000000	0.6547260
He_chr20	27000000	28000000	0.5765630
He_chr20	28000000	29000000	0.5292960
He_chr20	29000000	30000000	0.6279160
He_chr20	30000000	31000000	0.5850460
He_chr20	31000000	32000000	0.5987650
He_chr20	32000000	33000000	0.4816870
He_chr20	33000000	34000000	0.5390410
He_chr20	34000000	35000000	0.5270720
He_chr20	35000000	36000000	0.5671270
He_chr20	36000000	37000000	0.6406540
He_chr20	37000000	37187759	0.8150182
He_chr21	0	1000000	0.7513400
He_chr21	1000000	2000000	0.8331070
He_chr21	2000000	3000000	0.8127260
He_chr21	3000000	4000000	0.8085790
He_chr21	4000000	5000000	0.7960860
He_chr21	5000000	6000000	0.7909180
He_chr21	6000000	7000000	0.8294290
He_chr21	7000000	8000000	0.7948130
He_chr21	8000000	9000000	0.6957580
He_chr21	9000000	10000000	0.5146840
He_chr21	10000000	11000000	0.6416550
He_chr21	11000000	12000000	0.5836800
He_chr21	12000000	13000000	0.6993090
He_chr21	13000000	14000000	0.4881450
He_chr21	14000000	15000000	0.6404260
He_chr21	15000000	16000000	0.6383540
He_chr21	16000000	17000000	0.5239930
He_chr21	17000000	18000000	0.5588540
He_chr21	18000000	19000000	0.5511760
He_chr21	19000000	20000000	0.4715810
He_chr21	20000000	21000000	0.5256270
He_chr21	21000000	22000000	0.5280820
He_chr21	22000000	23000000	0.5590920
He_chr21	23000000	24000000	0.5679920
He_chr21	24000000	25000000	0.5370260
He_chr21	25000000	26000000	0.4795920
He_chr21	26000000	27000000	0.5438690
He_chr21	27000000	28000000	0.5549310
He_chr21	28000000	29000000	0.5597170
He_chr21	29000000	30000000	0.4600400
He_chr21	30000000	31000000	0.5734010
He_chr21	31000000	32000000	0.4599890
He_chr21	32000000	33000000	0.5468850
He_chr21	33000000	34000000	0.5990450
He_chr21	34000000	35000000	0.6003690
He_chr21	35000000	36000000	0.6392100
He_chr21	36000000	37000000	0.5239920
He_chr21	37000000	38000000	0.6048980
He_chr21	38000000	39000000	0.6284230
He_chr21	39000000	40000000	0.6217700
He_chr21	40000000	41000000	0.5953240
He_chr21	41000000	42000000	0.5317150
He_chr21	42000000	43000000	0.6225930
He_chr21	43000000	44000000	0.6431710
He_chr21	44000000	45000000	0.5532920
He_chr21	45000000	46000000	0.6595420
He_chr21	46000000	47000000	0.6652310
He_chr21	47000000	48000000	0.6713250
He_chr21	48000000	48917100	0.7796238
Ht_chr1	0	1000000	0.5736670
Ht_chr1	1000000	2000000	0.5528720
Ht_chr1	2000000	3000000	0.3620170
Ht_chr1	3000000	4000000	0.3544850
Ht_chr1	4000000	5000000	0.3996560
Ht_chr1	5000000	6000000	0.4839730
Ht_chr1	6000000	7000000	0.3961870
Ht_chr1	7000000	8000000	0.4566830
Ht_chr1	8000000	9000000	0.3998400
Ht_chr1	9000000	10000000	0.4140060
Ht_chr1	10000000	11000000	0.4288100
Ht_chr1	11000000	12000000	0.3249570
Ht_chr1	12000000	13000000	0.3529410
Ht_chr1	13000000	14000000	0.2939270
Ht_chr1	14000000	15000000	0.3999250
Ht_chr1	15000000	16000000	0.3753850
Ht_chr1	16000000	17000000	0.3634800
Ht_chr1	17000000	18000000	0.4304770
Ht_chr1	18000000	19000000	0.4238110
Ht_chr1	19000000	20000000	0.5210700
Ht_chr1	20000000	21000000	0.3989330
Ht_chr1	21000000	22000000	0.3634370
Ht_chr1	22000000	23000000	0.4589860
Ht_chr1	23000000	24000000	0.3993390
Ht_chr1	24000000	25000000	0.3559010
Ht_chr1	25000000	26000000	0.5861090
Ht_chr1	26000000	27000000	0.4127580
Ht_chr1	27000000	28000000	0.3440450
Ht_chr1	28000000	29000000	0.4236050
Ht_chr1	29000000	30000000	0.4371690
Ht_chr1	30000000	31000000	0.4841780
Ht_chr1	31000000	32000000	0.3724000
Ht_chr1	32000000	33000000	0.4044090
Ht_chr1	33000000	34000000	0.4663700
Ht_chr1	34000000	35000000	0.3996700
Ht_chr1	35000000	36000000	0.3595560
Ht_chr1	36000000	37000000	0.3659280
Ht_chr1	37000000	38000000	0.4074440
Ht_chr1	38000000	39000000	0.3792500
Ht_chr1	39000000	40000000	0.5859280
Ht_chr1	40000000	41000000	0.5839030
Ht_chr1	41000000	42000000	0.7227670
Ht_chr1	42000000	43000000	0.6897420
Ht_chr1	43000000	44000000	0.5193190
Ht_chr1	44000000	45000000	0.5424090
Ht_chr1	45000000	46000000	0.3731230
Ht_chr1	46000000	47000000	0.3764010
Ht_chr1	47000000	48000000	0.3232200
Ht_chr1	48000000	49000000	0.3822650
Ht_chr1	49000000	50000000	0.4843090
Ht_chr1	50000000	51000000	0.4561160
Ht_chr1	51000000	52000000	0.3769360
Ht_chr1	52000000	53000000	0.3836050
Ht_chr1	53000000	54000000	0.3540030
Ht_chr1	54000000	55000000	0.3833060
Ht_chr1	55000000	56000000	0.3656430
Ht_chr1	56000000	57000000	0.3000180
Ht_chr1	57000000	58000000	0.4729630
Ht_chr1	58000000	59000000	0.4674130
Ht_chr1	59000000	60000000	0.4266980
Ht_chr1	60000000	61000000	0.4553510
Ht_chr1	61000000	62000000	0.2829160
Ht_chr1	62000000	63000000	0.4101310
Ht_chr1	63000000	64000000	0.4750280
Ht_chr1	64000000	65000000	0.5330000
Ht_chr1	65000000	66000000	0.4522940
Ht_chr1	66000000	67000000	0.3849160
Ht_chr1	67000000	68000000	0.3953490
Ht_chr1	68000000	69000000	0.3916330
Ht_chr1	69000000	70000000	0.3283440
Ht_chr1	70000000	71000000	0.4264210
Ht_chr1	71000000	72000000	0.4765710
Ht_chr1	72000000	73000000	0.5106230
Ht_chr1	73000000	74000000	0.5041530
Ht_chr1	74000000	75000000	0.4197580
Ht_chr1	75000000	75972931	0.4885557
Ht_chr2	0	1000000	0.5961280
Ht_chr2	1000000	2000000	0.5911820
Ht_chr2	2000000	3000000	0.5714780
Ht_chr2	3000000	4000000	0.5553840
Ht_chr2	4000000	5000000	0.6077700
Ht_chr2	5000000	6000000	0.5361670
Ht_chr2	6000000	7000000	0.5764490
Ht_chr2	7000000	8000000	0.5526200
Ht_chr2	8000000	9000000	0.5668050
Ht_chr2	9000000	10000000	0.5490780
Ht_chr2	10000000	11000000	0.5980990
Ht_chr2	11000000	12000000	0.4595560
Ht_chr2	12000000	13000000	0.6657520
Ht_chr2	13000000	14000000	0.5585750
Ht_chr2	14000000	15000000	0.5029460
Ht_chr2	15000000	16000000	0.6073530
Ht_chr2	16000000	17000000	0.6508530
Ht_chr2	17000000	18000000	0.4650470
Ht_chr2	18000000	19000000	0.5964710
Ht_chr2	19000000	20000000	0.5433540
Ht_chr2	20000000	21000000	0.5608440
Ht_chr2	21000000	22000000	0.5546280
Ht_chr2	22000000	23000000	0.5799270
Ht_chr2	23000000	24000000	0.5959720
Ht_chr2	24000000	25000000	0.4990860
Ht_chr2	25000000	26000000	0.5000830
Ht_chr2	26000000	27000000	0.4878270
Ht_chr2	27000000	28000000	0.4964970
Ht_chr2	28000000	29000000	0.5961310
Ht_chr2	29000000	30000000	0.4935750
Ht_chr2	30000000	31000000	0.5718810
Ht_chr2	31000000	32000000	0.5294210
Ht_chr2	32000000	33000000	0.5115060
Ht_chr2	33000000	34000000	0.5531480
Ht_chr2	34000000	35000000	0.5098360
Ht_chr2	35000000	36000000	0.4137010
Ht_chr2	36000000	37000000	0.4669910
Ht_chr2	37000000	38000000	0.5610120
Ht_chr2	38000000	39000000	0.5493700
Ht_chr2	39000000	40000000	0.5943800
Ht_chr2	40000000	41000000	0.7408000
Ht_chr2	41000000	42000000	0.7324910
Ht_chr2	42000000	43000000	0.7143700
Ht_chr2	43000000	44000000	0.7139280
Ht_chr2	44000000	45000000	0.7447100
Ht_chr2	45000000	46000000	0.6203890
Ht_chr2	46000000	47000000	0.5766350
Ht_chr2	47000000	48000000	0.5595100
Ht_chr2	48000000	49000000	0.7025200
Ht_chr2	49000000	50000000	0.6046940
Ht_chr2	50000000	51000000	0.6692930
Ht_chr2	51000000	52000000	0.5367850
Ht_chr2	52000000	53000000	0.6060650
Ht_chr2	53000000	54000000	0.6419710
Ht_chr2	54000000	54460368	0.6747645
Ht_chr3	0	1000000	0.4285750
Ht_chr3	1000000	2000000	0.5408170
Ht_chr3	2000000	3000000	0.4183690
Ht_chr3	3000000	4000000	0.4838130
Ht_chr3	4000000	5000000	0.4973390
Ht_chr3	5000000	6000000	0.5487000
Ht_chr3	6000000	7000000	0.7612480
Ht_chr3	7000000	8000000	0.5643790
Ht_chr3	8000000	9000000	0.4052940
Ht_chr3	9000000	10000000	0.4893010
Ht_chr3	10000000	11000000	0.4316380
Ht_chr3	11000000	12000000	0.3458870
Ht_chr3	12000000	13000000	0.4812190
Ht_chr3	13000000	14000000	0.4297610
Ht_chr3	14000000	15000000	0.4486170
Ht_chr3	15000000	16000000	0.4941240
Ht_chr3	16000000	17000000	0.3435450
Ht_chr3	17000000	18000000	0.3565150
Ht_chr3	18000000	19000000	0.4221720
Ht_chr3	19000000	20000000	0.3282970
Ht_chr3	20000000	21000000	0.3024220
Ht_chr3	21000000	22000000	0.3573100
Ht_chr3	22000000	23000000	0.4013280
Ht_chr3	23000000	24000000	0.4433150
Ht_chr3	24000000	25000000	0.3252610
Ht_chr3	25000000	26000000	0.3791730
Ht_chr3	26000000	27000000	0.3412040
Ht_chr3	27000000	28000000	0.3787920
Ht_chr3	28000000	29000000	0.4175980
Ht_chr3	29000000	30000000	0.3684930
Ht_chr3	30000000	31000000	0.3474910
Ht_chr3	31000000	32000000	0.3842690
Ht_chr3	32000000	33000000	0.4270490
Ht_chr3	33000000	34000000	0.2976480
Ht_chr3	34000000	35000000	0.4445400
Ht_chr3	35000000	36000000	0.3850210
Ht_chr3	36000000	37000000	0.4309110
Ht_chr3	37000000	38000000	0.4445600
Ht_chr3	38000000	39000000	0.3437520
Ht_chr3	39000000	40000000	0.4353430
Ht_chr3	40000000	41000000	0.4121950
Ht_chr3	41000000	42000000	0.4848290
Ht_chr3	42000000	43000000	0.4344040
Ht_chr3	43000000	44000000	0.4294640
Ht_chr3	44000000	45000000	0.3769010
Ht_chr3	45000000	46000000	0.5032370
Ht_chr3	46000000	47000000	0.4824810
Ht_chr3	47000000	48000000	0.4408190
Ht_chr3	48000000	49000000	0.3623680
Ht_chr3	49000000	50000000	0.3888520
Ht_chr3	50000000	51000000	0.5609330
Ht_chr3	51000000	51637155	0.4428514
Ht_chr4	0	1000000	0.6166960
Ht_chr4	1000000	2000000	0.4367320
Ht_chr4	2000000	3000000	0.5032790
Ht_chr4	3000000	4000000	0.3914600
Ht_chr4	4000000	5000000	0.3980790
Ht_chr4	5000000	6000000	0.3737950
Ht_chr4	6000000	7000000	0.4222620
Ht_chr4	7000000	8000000	0.4319490
Ht_chr4	8000000	9000000	0.2875100
Ht_chr4	9000000	10000000	0.3368780
Ht_chr4	10000000	11000000	0.3740440
Ht_chr4	11000000	12000000	0.3765780
Ht_chr4	12000000	13000000	0.4025930
Ht_chr4	13000000	14000000	0.3596480
Ht_chr4	14000000	15000000	0.4396300
Ht_chr4	15000000	16000000	0.5534090
Ht_chr4	16000000	17000000	0.3407740
Ht_chr4	17000000	18000000	0.5470950
Ht_chr4	18000000	19000000	0.4834030
Ht_chr4	19000000	20000000	0.4822690
Ht_chr4	20000000	21000000	0.4541220
Ht_chr4	21000000	22000000	0.5316840
Ht_chr4	22000000	23000000	0.5455090
Ht_chr4	23000000	24000000	0.4246760
Ht_chr4	24000000	25000000	0.4166590
Ht_chr4	25000000	26000000	0.4140670
Ht_chr4	26000000	27000000	0.4092650
Ht_chr4	27000000	28000000	0.4238520
Ht_chr4	28000000	29000000	0.4831850
Ht_chr4	29000000	30000000	0.3970320
Ht_chr4	30000000	31000000	0.4284470
Ht_chr4	31000000	32000000	0.4567450
Ht_chr4	32000000	33000000	0.5438980
Ht_chr4	33000000	34000000	0.4495940
Ht_chr4	34000000	35000000	0.4782960
Ht_chr4	35000000	36000000	0.4907180
Ht_chr4	36000000	37000000	0.5062880
Ht_chr4	37000000	38000000	0.5656610
Ht_chr4	38000000	39000000	0.4461040
Ht_chr4	39000000	40000000	0.4622090
Ht_chr4	40000000	41000000	0.5293310
Ht_chr4	41000000	42000000	0.4340160
Ht_chr4	42000000	43000000	0.3741510
Ht_chr4	43000000	44000000	0.5180230
Ht_chr4	44000000	45000000	0.7100030
Ht_chr4	45000000	46000000	0.5750320
Ht_chr4	46000000	47000000	0.4154410
Ht_chr4	47000000	48000000	0.4118150
Ht_chr4	48000000	49000000	0.4134960
Ht_chr4	49000000	50000000	0.5986450
Ht_chr4	50000000	51000000	0.6058090
Ht_chr4	51000000	51398263	0.4761502
Ht_chr5	0	1000000	0.5101570
Ht_chr5	1000000	2000000	0.4102540
Ht_chr5	2000000	3000000	0.5257370
Ht_chr5	3000000	4000000	0.4379860
Ht_chr5	4000000	5000000	0.4297990
Ht_chr5	5000000	6000000	0.2889910
Ht_chr5	6000000	7000000	0.3968360
Ht_chr5	7000000	8000000	0.4114130
Ht_chr5	8000000	9000000	0.4739000
Ht_chr5	9000000	10000000	0.5244890
Ht_chr5	10000000	11000000	0.4234060
Ht_chr5	11000000	12000000	0.3924260
Ht_chr5	12000000	13000000	0.4796360
Ht_chr5	13000000	14000000	0.4657600
Ht_chr5	14000000	15000000	0.4728480
Ht_chr5	15000000	16000000	0.4379360
Ht_chr5	16000000	17000000	0.5670300
Ht_chr5	17000000	18000000	0.4783560
Ht_chr5	18000000	19000000	0.4828300
Ht_chr5	19000000	20000000	0.4475060
Ht_chr5	20000000	21000000	0.5243230
Ht_chr5	21000000	22000000	0.5116190
Ht_chr5	22000000	23000000	0.5916620
Ht_chr5	23000000	24000000	0.5556010
Ht_chr5	24000000	25000000	0.4867300
Ht_chr5	25000000	26000000	0.5131620
Ht_chr5	26000000	27000000	0.5066630
Ht_chr5	27000000	28000000	0.5295060
Ht_chr5	28000000	29000000	0.4927120
Ht_chr5	29000000	30000000	0.5582460
Ht_chr5	30000000	31000000	0.7212940
Ht_chr5	31000000	32000000	0.5429560
Ht_chr5	32000000	33000000	0.5362100
Ht_chr5	33000000	34000000	0.4014980
Ht_chr5	34000000	35000000	0.4917970
Ht_chr5	35000000	36000000	0.4133640
Ht_chr5	36000000	37000000	0.3748050
Ht_chr5	37000000	38000000	0.4574970
Ht_chr5	38000000	39000000	0.3798450
Ht_chr5	39000000	40000000	0.3712880
Ht_chr5	40000000	41000000	0.3462720
Ht_chr5	41000000	42000000	0.5022140
Ht_chr5	42000000	43000000	0.4683170
Ht_chr5	43000000	44000000	0.4064390
Ht_chr5	44000000	45000000	0.4866410
Ht_chr5	45000000	46000000	0.4667440
Ht_chr5	46000000	47000000	0.4094450
Ht_chr5	47000000	48000000	0.4776500
Ht_chr5	48000000	49000000	0.4698000
Ht_chr5	49000000	50000000	0.4383460
Ht_chr5	50000000	50740063	0.4950078
Ht_chr6	0	1000000	0.5735090
Ht_chr6	1000000	2000000	0.5155050
Ht_chr6	2000000	3000000	0.5056500
Ht_chr6	3000000	4000000	0.4931870
Ht_chr6	4000000	5000000	0.5453470
Ht_chr6	5000000	6000000	0.5145590
Ht_chr6	6000000	7000000	0.5150960
Ht_chr6	7000000	8000000	0.4474840
Ht_chr6	8000000	9000000	0.4872180
Ht_chr6	9000000	10000000	0.4798590
Ht_chr6	10000000	11000000	0.4647790
Ht_chr6	11000000	12000000	0.4593100
Ht_chr6	12000000	13000000	0.5180540
Ht_chr6	13000000	14000000	0.4409830
Ht_chr6	14000000	15000000	0.4478860
Ht_chr6	15000000	16000000	0.5059150
Ht_chr6	16000000	17000000	0.5082810
Ht_chr6	17000000	18000000	0.4409170
Ht_chr6	18000000	19000000	0.4342730
Ht_chr6	19000000	20000000	0.4624890
Ht_chr6	20000000	21000000	0.6762240
Ht_chr6	21000000	22000000	0.6518460
Ht_chr6	22000000	23000000	0.5587540
Ht_chr6	23000000	24000000	0.4772870
Ht_chr6	24000000	25000000	0.6737100
Ht_chr6	25000000	26000000	0.5325050
Ht_chr6	26000000	27000000	0.7536820
Ht_chr6	27000000	28000000	0.5872000
Ht_chr6	28000000	29000000	0.5721510
Ht_chr6	29000000	30000000	0.5564410
Ht_chr6	30000000	31000000	0.5319250
Ht_chr6	31000000	32000000	0.5101180
Ht_chr6	32000000	33000000	0.5086590
Ht_chr6	33000000	34000000	0.5004760
Ht_chr6	34000000	35000000	0.4457190
Ht_chr6	35000000	36000000	0.4162630
Ht_chr6	36000000	37000000	0.4302770
Ht_chr6	37000000	38000000	0.3639460
Ht_chr6	38000000	39000000	0.5081010
Ht_chr6	39000000	40000000	0.4922490
Ht_chr6	40000000	41000000	0.6406930
Ht_chr6	41000000	42000000	0.5842040
Ht_chr6	42000000	43000000	0.5886130
Ht_chr6	43000000	44000000	0.6272260
Ht_chr6	44000000	45000000	0.4491610
Ht_chr6	45000000	46000000	0.6655720
Ht_chr6	46000000	46243551	0.5355265
Ht_chr7	0	1000000	0.6056660
Ht_chr7	1000000	2000000	0.5127650
Ht_chr7	2000000	3000000	0.4878220
Ht_chr7	3000000	4000000	0.5141900
Ht_chr7	4000000	5000000	0.5144780
Ht_chr7	5000000	6000000	0.3783540
Ht_chr7	6000000	7000000	0.4853340
Ht_chr7	7000000	8000000	0.5902300
Ht_chr7	8000000	9000000	0.5181010
Ht_chr7	9000000	10000000	0.5623630
Ht_chr7	10000000	11000000	0.5442280
Ht_chr7	11000000	12000000	0.3735180
Ht_chr7	12000000	13000000	0.4438780
Ht_chr7	13000000	14000000	0.4403670
Ht_chr7	14000000	15000000	0.5573860
Ht_chr7	15000000	16000000	0.5000400
Ht_chr7	16000000	17000000	0.4623880
Ht_chr7	17000000	18000000	0.4150260
Ht_chr7	18000000	19000000	0.3294130
Ht_chr7	19000000	20000000	0.3923970
Ht_chr7	20000000	21000000	0.3988100
Ht_chr7	21000000	22000000	0.3691100
Ht_chr7	22000000	23000000	0.5009090
Ht_chr7	23000000	24000000	0.4257240
Ht_chr7	24000000	25000000	0.4485170
Ht_chr7	25000000	26000000	0.5323860
Ht_chr7	26000000	27000000	0.4256510
Ht_chr7	27000000	28000000	0.4207400
Ht_chr7	28000000	29000000	0.4483650
Ht_chr7	29000000	30000000	0.4206440
Ht_chr7	30000000	31000000	0.5088660
Ht_chr7	31000000	32000000	0.4260560
Ht_chr7	32000000	33000000	0.5374420
Ht_chr7	33000000	34000000	0.4391930
Ht_chr7	34000000	35000000	0.4920570
Ht_chr7	35000000	36000000	0.5549330
Ht_chr7	36000000	37000000	0.5816950
Ht_chr7	37000000	38000000	0.6527230
Ht_chr7	38000000	39000000	0.5815030
Ht_chr7	39000000	40000000	0.6043790
Ht_chr7	40000000	41000000	0.5431020
Ht_chr7	41000000	42000000	0.5968390
Ht_chr7	42000000	43000000	0.5343410
Ht_chr7	43000000	44000000	0.5758470
Ht_chr7	44000000	45000000	0.5860870
Ht_chr7	45000000	45623012	0.5621497
Ht_chr8	0	1000000	0.4810670
Ht_chr8	1000000	2000000	0.4741270
Ht_chr8	2000000	3000000	0.3683300
Ht_chr8	3000000	4000000	0.4628160
Ht_chr8	4000000	5000000	0.4413080
Ht_chr8	5000000	6000000	0.4411470
Ht_chr8	6000000	7000000	0.4484960
Ht_chr8	7000000	8000000	0.3779990
Ht_chr8	8000000	9000000	0.4002420
Ht_chr8	9000000	10000000	0.3095490
Ht_chr8	10000000	11000000	0.4858120
Ht_chr8	11000000	12000000	0.4629310
Ht_chr8	12000000	13000000	0.3984720
Ht_chr8	13000000	14000000	0.3945620
Ht_chr8	14000000	15000000	0.3793240
Ht_chr8	15000000	16000000	0.4326490
Ht_chr8	16000000	17000000	0.3267490
Ht_chr8	17000000	18000000	0.3828450
Ht_chr8	18000000	19000000	0.4065440
Ht_chr8	19000000	20000000	0.4752100
Ht_chr8	20000000	21000000	0.4168530
Ht_chr8	21000000	22000000	0.4446430
Ht_chr8	22000000	23000000	0.4157510
Ht_chr8	23000000	24000000	0.4860030
Ht_chr8	24000000	25000000	0.6558550
Ht_chr8	25000000	26000000	0.5617020
Ht_chr8	26000000	27000000	0.5108260
Ht_chr8	27000000	28000000	0.4548680
Ht_chr8	28000000	29000000	0.4095250
Ht_chr8	29000000	30000000	0.4904900
Ht_chr8	30000000	31000000	0.5515050
Ht_chr8	31000000	32000000	0.4729640
Ht_chr8	32000000	33000000	0.3750240
Ht_chr8	33000000	34000000	0.4241300
Ht_chr8	34000000	35000000	0.4494070
Ht_chr8	35000000	36000000	0.4399700
Ht_chr8	36000000	37000000	0.4628620
Ht_chr8	37000000	38000000	0.4335060
Ht_chr8	38000000	39000000	0.4127490
Ht_chr8	39000000	40000000	0.4195180
Ht_chr8	40000000	41000000	0.3694190
Ht_chr8	41000000	42000000	0.4360730
Ht_chr8	42000000	43000000	0.4974280
Ht_chr8	43000000	44000000	0.5129550
Ht_chr8	44000000	44021259	0.6120231
Ht_chr9	0	1000000	0.4852830
Ht_chr9	1000000	2000000	0.4998780
Ht_chr9	2000000	3000000	0.3935710
Ht_chr9	3000000	4000000	0.3815510
Ht_chr9	4000000	5000000	0.5105920
Ht_chr9	5000000	6000000	0.5389890
Ht_chr9	6000000	7000000	0.4566940
Ht_chr9	7000000	8000000	0.3990050
Ht_chr9	8000000	9000000	0.3634000
Ht_chr9	9000000	10000000	0.4818800
Ht_chr9	10000000	11000000	0.4531330
Ht_chr9	11000000	12000000	0.5204790
Ht_chr9	12000000	13000000	0.4625950
Ht_chr9	13000000	14000000	0.4580230
Ht_chr9	14000000	15000000	0.5348460
Ht_chr9	15000000	16000000	0.5666580
Ht_chr9	16000000	17000000	0.7251110
Ht_chr9	17000000	18000000	0.4639390
Ht_chr9	18000000	19000000	0.5259470
Ht_chr9	19000000	20000000	0.5546710
Ht_chr9	20000000	21000000	0.5140710
Ht_chr9	21000000	22000000	0.4658870
Ht_chr9	22000000	23000000	0.5282620
Ht_chr9	23000000	24000000	0.4979810
Ht_chr9	24000000	25000000	0.5100900
Ht_chr9	25000000	26000000	0.4209480
Ht_chr9	26000000	27000000	0.4329440
Ht_chr9	27000000	28000000	0.4403890
Ht_chr9	28000000	29000000	0.3904870
Ht_chr9	29000000	30000000	0.4938260
Ht_chr9	30000000	31000000	0.4612250
Ht_chr9	31000000	32000000	0.4518730
Ht_chr9	32000000	33000000	0.4875210
Ht_chr9	33000000	34000000	0.4072840
Ht_chr9	34000000	35000000	0.3583440
Ht_chr9	35000000	36000000	0.3773110
Ht_chr9	36000000	37000000	0.3879740
Ht_chr9	37000000	38000000	0.4617510
Ht_chr9	38000000	39000000	0.4554120
Ht_chr9	39000000	40000000	0.3917200
Ht_chr9	40000000	41000000	0.4663740
Ht_chr9	41000000	42000000	0.4175650
Ht_chr9	42000000	43000000	0.4821230
Ht_chr9	43000000	44000000	0.4832440
Ht_chr9	44000000	44002265	0.2022075
Ht_chr10	0	1000000	0.6466850
Ht_chr10	1000000	2000000	0.5591810
Ht_chr10	2000000	3000000	0.6058900
Ht_chr10	3000000	4000000	0.5261070
Ht_chr10	4000000	5000000	0.6092930
Ht_chr10	5000000	6000000	0.5306610
Ht_chr10	6000000	7000000	0.5614320
Ht_chr10	7000000	8000000	0.4809930
Ht_chr10	8000000	9000000	0.5382000
Ht_chr10	9000000	10000000	0.5707400
Ht_chr10	10000000	11000000	0.5200330
Ht_chr10	11000000	12000000	0.5366520
Ht_chr10	12000000	13000000	0.5930840
Ht_chr10	13000000	14000000	0.5393910
Ht_chr10	14000000	15000000	0.5296250
Ht_chr10	15000000	16000000	0.4099020
Ht_chr10	16000000	17000000	0.5773730
Ht_chr10	17000000	18000000	0.4289000
Ht_chr10	18000000	19000000	0.4478380
Ht_chr10	19000000	20000000	0.4668230
Ht_chr10	20000000	21000000	0.5339480
Ht_chr10	21000000	22000000	0.4651570
Ht_chr10	22000000	23000000	0.4707560
Ht_chr10	23000000	24000000	0.5299690
Ht_chr10	24000000	25000000	0.5372180
Ht_chr10	25000000	26000000	0.4802880
Ht_chr10	26000000	27000000	0.5692640
Ht_chr10	27000000	28000000	0.5625530
Ht_chr10	28000000	29000000	0.5538820
Ht_chr10	29000000	30000000	0.4883850
Ht_chr10	30000000	31000000	0.5557650
Ht_chr10	31000000	32000000	0.4395210
Ht_chr10	32000000	33000000	0.5481240
Ht_chr10	33000000	34000000	0.4863110
Ht_chr10	34000000	35000000	0.4626620
Ht_chr10	35000000	36000000	0.4853480
Ht_chr10	36000000	37000000	0.4601240
Ht_chr10	37000000	38000000	0.4610790
Ht_chr10	38000000	39000000	0.5261840
Ht_chr10	39000000	40000000	0.4077640
Ht_chr10	40000000	41000000	0.5431970
Ht_chr10	41000000	42000000	0.5077730
Ht_chr10	42000000	42279319	0.5838128
Ht_chr11	0	1000000	0.6103020
Ht_chr11	1000000	2000000	0.6713860
Ht_chr11	2000000	3000000	0.6375890
Ht_chr11	3000000	4000000	0.5148600
Ht_chr11	4000000	5000000	0.6212370
Ht_chr11	5000000	6000000	0.5128470
Ht_chr11	6000000	7000000	0.5928580
Ht_chr11	7000000	8000000	0.6364100
Ht_chr11	8000000	9000000	0.6702780
Ht_chr11	9000000	10000000	0.6041430
Ht_chr11	10000000	11000000	0.5080680
Ht_chr11	11000000	12000000	0.5832870
Ht_chr11	12000000	13000000	0.5789680
Ht_chr11	13000000	14000000	0.6531200
Ht_chr11	14000000	15000000	0.5954700
Ht_chr11	15000000	16000000	0.6154320
Ht_chr11	16000000	17000000	0.6697840
Ht_chr11	17000000	18000000	0.6396790
Ht_chr11	18000000	19000000	0.5613270
Ht_chr11	19000000	20000000	0.6227160
Ht_chr11	20000000	21000000	0.6436770
Ht_chr11	21000000	22000000	0.5605110
Ht_chr11	22000000	23000000	0.5588380
Ht_chr11	23000000	24000000	0.5222030
Ht_chr11	24000000	25000000	0.5299270
Ht_chr11	25000000	26000000	0.6189530
Ht_chr11	26000000	27000000	0.5450610
Ht_chr11	27000000	28000000	0.5958970
Ht_chr11	28000000	29000000	0.6207380
Ht_chr11	29000000	30000000	0.5291670
Ht_chr11	30000000	31000000	0.5276670
Ht_chr11	31000000	32000000	0.5685710
Ht_chr11	32000000	33000000	0.5890130
Ht_chr11	33000000	34000000	0.5991950
Ht_chr11	34000000	35000000	0.5853950
Ht_chr11	35000000	36000000	0.5879160
Ht_chr11	36000000	37000000	0.5549540
Ht_chr11	37000000	38000000	0.5626050
Ht_chr11	38000000	39000000	0.6669630
Ht_chr11	39000000	40000000	0.6062330
Ht_chr11	40000000	41000000	0.6199440
Ht_chr11	41000000	41454375	0.5856704
Ht_chr12	0	1000000	0.6095730
Ht_chr12	1000000	2000000	0.5860260
Ht_chr12	2000000	3000000	0.5225810
Ht_chr12	3000000	4000000	0.6306070
Ht_chr12	4000000	5000000	0.4960440
Ht_chr12	5000000	6000000	0.5473060
Ht_chr12	6000000	7000000	0.5218700
Ht_chr12	7000000	8000000	0.6766600
Ht_chr12	8000000	9000000	0.5022470
Ht_chr12	9000000	10000000	0.5742520
Ht_chr12	10000000	11000000	0.5829740
Ht_chr12	11000000	12000000	0.6415600
Ht_chr12	12000000	13000000	0.5538580
Ht_chr12	13000000	14000000	0.6299770
Ht_chr12	14000000	15000000	0.6019150
Ht_chr12	15000000	16000000	0.5660290
Ht_chr12	16000000	17000000	0.4932550
Ht_chr12	17000000	18000000	0.5210200
Ht_chr12	18000000	19000000	0.4172940
Ht_chr12	19000000	20000000	0.4634530
Ht_chr12	20000000	21000000	0.6363420
Ht_chr12	21000000	22000000	0.5921700
Ht_chr12	22000000	23000000	0.6547980
Ht_chr12	23000000	24000000	0.5358050
Ht_chr12	24000000	25000000	0.5612600
Ht_chr12	25000000	26000000	0.5166760
Ht_chr12	26000000	27000000	0.4629860
Ht_chr12	27000000	28000000	0.7052460
Ht_chr12	28000000	29000000	0.5236910
Ht_chr12	29000000	30000000	0.6352840
Ht_chr12	30000000	31000000	0.5688690
Ht_chr12	31000000	32000000	0.5971140
Ht_chr12	32000000	33000000	0.4432700
Ht_chr12	33000000	34000000	0.5239170
Ht_chr12	34000000	35000000	0.5147030
Ht_chr12	35000000	36000000	0.5461380
Ht_chr12	36000000	37000000	0.6220470
Ht_chr12	37000000	38000000	0.5633700
Ht_chr12	38000000	38447099	0.7216321
Ht_chr13	0	1000000	0.5386830
Ht_chr13	1000000	2000000	0.5271720
Ht_chr13	2000000	3000000	0.5757050
Ht_chr13	3000000	4000000	0.7091240
Ht_chr13	4000000	5000000	0.5664690
Ht_chr13	5000000	6000000	0.3696030
Ht_chr13	6000000	7000000	0.4276000
Ht_chr13	7000000	8000000	0.5539130
Ht_chr13	8000000	9000000	0.5532780
Ht_chr13	9000000	10000000	0.4742210
Ht_chr13	10000000	11000000	0.4527640
Ht_chr13	11000000	12000000	0.4575480
Ht_chr13	12000000	13000000	0.4466550
Ht_chr13	13000000	14000000	0.4801840
Ht_chr13	14000000	15000000	0.4222350
Ht_chr13	15000000	16000000	0.6809250
Ht_chr13	16000000	17000000	0.5518660
Ht_chr13	17000000	18000000	0.3135420
Ht_chr13	18000000	19000000	0.4541190
Ht_chr13	19000000	20000000	0.4825570
Ht_chr13	20000000	21000000	0.4354960
Ht_chr13	21000000	22000000	0.4888870
Ht_chr13	22000000	23000000	0.5381800
Ht_chr13	23000000	24000000	0.4998360
Ht_chr13	24000000	25000000	0.6602950
Ht_chr13	25000000	26000000	0.5014470
Ht_chr13	26000000	27000000	0.6155740
Ht_chr13	27000000	28000000	0.5000150
Ht_chr13	28000000	29000000	0.5092850
Ht_chr13	29000000	30000000	0.4753300
Ht_chr13	30000000	31000000	0.6193220
Ht_chr13	31000000	32000000	0.5225020
Ht_chr13	32000000	33000000	0.5657640
Ht_chr13	33000000	34000000	0.5169850
Ht_chr13	34000000	35000000	0.4690690
Ht_chr13	35000000	36000000	0.4558050
Ht_chr13	36000000	36933649	0.5939202
Ht_chr14	0	1000000	0.5490670
Ht_chr14	1000000	2000000	0.3583890
Ht_chr14	2000000	3000000	0.4620640
Ht_chr14	3000000	4000000	0.4672720
Ht_chr14	4000000	5000000	0.3712890
Ht_chr14	5000000	6000000	0.4427630
Ht_chr14	6000000	7000000	0.3277990
Ht_chr14	7000000	8000000	0.3936370
Ht_chr14	8000000	9000000	0.4477100
Ht_chr14	9000000	10000000	0.4172470
Ht_chr14	10000000	11000000	0.5056980
Ht_chr14	11000000	12000000	0.4087640
Ht_chr14	12000000	13000000	0.3987090
Ht_chr14	13000000	14000000	0.4028520
Ht_chr14	14000000	15000000	0.5036170
Ht_chr14	15000000	16000000	0.6221090
Ht_chr14	16000000	17000000	0.6787700
Ht_chr14	17000000	18000000	0.4568910
Ht_chr14	18000000	19000000	0.5801330
Ht_chr14	19000000	20000000	0.4302910
Ht_chr14	20000000	21000000	0.3832220
Ht_chr14	21000000	22000000	0.4445370
Ht_chr14	22000000	23000000	0.4630430
Ht_chr14	23000000	24000000	0.4089660
Ht_chr14	24000000	25000000	0.4051920
Ht_chr14	25000000	26000000	0.4092580
Ht_chr14	26000000	27000000	0.2860780
Ht_chr14	27000000	28000000	0.4167980
Ht_chr14	28000000	29000000	0.5194730
Ht_chr14	29000000	30000000	0.3910110
Ht_chr14	30000000	31000000	0.3842280
Ht_chr14	31000000	32000000	0.4085640
Ht_chr14	32000000	33000000	0.4846900
Ht_chr14	33000000	34000000	0.4189970
Ht_chr14	34000000	35000000	0.4299930
Ht_chr14	35000000	36000000	0.5594500
Ht_chr14	36000000	36012960	0.5111883
Ht_chr15	0	1000000	0.5183950
Ht_chr15	1000000	2000000	0.4448440
Ht_chr15	2000000	3000000	0.3577300
Ht_chr15	3000000	4000000	0.3694200
Ht_chr15	4000000	5000000	0.3925920
Ht_chr15	5000000	6000000	0.4004470
Ht_chr15	6000000	7000000	0.4042640
Ht_chr15	7000000	8000000	0.3309300
Ht_chr15	8000000	9000000	0.4200130
Ht_chr15	9000000	10000000	0.3786770
Ht_chr15	10000000	11000000	0.4296400
Ht_chr15	11000000	12000000	0.4154000
Ht_chr15	12000000	13000000	0.4878490
Ht_chr15	13000000	14000000	0.4304720
Ht_chr15	14000000	15000000	0.4533080
Ht_chr15	15000000	16000000	0.4502340
Ht_chr15	16000000	17000000	0.4628720
Ht_chr15	17000000	18000000	0.4703710
Ht_chr15	18000000	19000000	0.5670270
Ht_chr15	19000000	20000000	0.6861620
Ht_chr15	20000000	21000000	0.5003300
Ht_chr15	21000000	22000000	0.4335000
Ht_chr15	22000000	23000000	0.5001720
Ht_chr15	23000000	24000000	0.4500310
Ht_chr15	24000000	25000000	0.4455090
Ht_chr15	25000000	26000000	0.4584940
Ht_chr15	26000000	27000000	0.4202470
Ht_chr15	27000000	28000000	0.2955420
Ht_chr15	28000000	29000000	0.3195200
Ht_chr15	29000000	30000000	0.4466370
Ht_chr15	30000000	31000000	0.4961610
Ht_chr15	31000000	32000000	0.4928860
Ht_chr15	32000000	33000000	0.4234570
Ht_chr15	33000000	34000000	0.3691900
Ht_chr15	34000000	35000000	0.5540710
Ht_chr15	35000000	35654214	0.6629864
Ht_chr16	0	1000000	0.5297520
Ht_chr16	1000000	2000000	0.4794930
Ht_chr16	2000000	3000000	0.4472400
Ht_chr16	3000000	4000000	0.4268520
Ht_chr16	4000000	5000000	0.4490660
Ht_chr16	5000000	6000000	0.4591890
Ht_chr16	6000000	7000000	0.4333300
Ht_chr16	7000000	8000000	0.4505690
Ht_chr16	8000000	9000000	0.4410520
Ht_chr16	9000000	10000000	0.4387850
Ht_chr16	10000000	11000000	0.3573190
Ht_chr16	11000000	12000000	0.4021430
Ht_chr16	12000000	13000000	0.4663940
Ht_chr16	13000000	14000000	0.4865850
Ht_chr16	14000000	15000000	0.4484720
Ht_chr16	15000000	16000000	0.5148800
Ht_chr16	16000000	17000000	0.6630070
Ht_chr16	17000000	18000000	0.4533440
Ht_chr16	18000000	19000000	0.4598840
Ht_chr16	19000000	20000000	0.4095870
Ht_chr16	20000000	21000000	0.4057560
Ht_chr16	21000000	22000000	0.3888000
Ht_chr16	22000000	23000000	0.4294590
Ht_chr16	23000000	24000000	0.3969290
Ht_chr16	24000000	25000000	0.3864160
Ht_chr16	25000000	26000000	0.3866060
Ht_chr16	26000000	27000000	0.4900510
Ht_chr16	27000000	28000000	0.4798570
Ht_chr16	28000000	29000000	0.3197130
Ht_chr16	29000000	30000000	0.3915860
Ht_chr16	30000000	31000000	0.4144500
Ht_chr16	31000000	32000000	0.4207460
Ht_chr16	32000000	33000000	0.3894680
Ht_chr16	33000000	34000000	0.3875200
Ht_chr16	34000000	35000000	0.4500090
Ht_chr16	35000000	35459875	0.5947573
Ht_chr17	0	1000000	0.5498600
Ht_chr17	1000000	2000000	0.4923400
Ht_chr17	2000000	3000000	0.5249480
Ht_chr17	3000000	4000000	0.4767010
Ht_chr17	4000000	5000000	0.4645560
Ht_chr17	5000000	6000000	0.4217110
Ht_chr17	6000000	7000000	0.3893760
Ht_chr17	7000000	8000000	0.4607410
Ht_chr17	8000000	9000000	0.5273030
Ht_chr17	9000000	10000000	0.4582670
Ht_chr17	10000000	11000000	0.5294530
Ht_chr17	11000000	12000000	0.5820730
Ht_chr17	12000000	13000000	0.4157510
Ht_chr17	13000000	14000000	0.4602230
Ht_chr17	14000000	15000000	0.6129260
Ht_chr17	15000000	16000000	0.4550290
Ht_chr17	16000000	17000000	0.4254710
Ht_chr17	17000000	18000000	0.4075640
Ht_chr17	18000000	19000000	0.4386040
Ht_chr17	19000000	20000000	0.4863320
Ht_chr17	20000000	21000000	0.5455960
Ht_chr17	21000000	22000000	0.4291070
Ht_chr17	22000000	23000000	0.4796410
Ht_chr17	23000000	24000000	0.4946340
Ht_chr17	24000000	25000000	0.4761070
Ht_chr17	25000000	26000000	0.4948780
Ht_chr17	26000000	27000000	0.5104200
Ht_chr17	27000000	28000000	0.4453630
Ht_chr17	28000000	29000000	0.4123070
Ht_chr17	29000000	30000000	0.4917130
Ht_chr17	30000000	31000000	0.4356240
Ht_chr17	31000000	32000000	0.4167190
Ht_chr17	32000000	33000000	0.4724620
Ht_chr17	33000000	34000000	0.4506560
Ht_chr17	34000000	35000000	0.4054940
Ht_chr17	35000000	35246967	0.5548109
Ht_chr18	0	1000000	0.5884350
Ht_chr18	1000000	2000000	0.6909370
Ht_chr18	2000000	3000000	0.6528260
Ht_chr18	3000000	4000000	0.5053390
Ht_chr18	4000000	5000000	0.4952380
Ht_chr18	5000000	6000000	0.5074850
Ht_chr18	6000000	7000000	0.4763780
Ht_chr18	7000000	8000000	0.5197020
Ht_chr18	8000000	9000000	0.4596830
Ht_chr18	9000000	10000000	0.4351660
Ht_chr18	10000000	11000000	0.5994270
Ht_chr18	11000000	12000000	0.4832770
Ht_chr18	12000000	13000000	0.5184830
Ht_chr18	13000000	14000000	0.5351960
Ht_chr18	14000000	15000000	0.5367700
Ht_chr18	15000000	16000000	0.5470460
Ht_chr18	16000000	17000000	0.6389780
Ht_chr18	17000000	18000000	0.5130030
Ht_chr18	18000000	19000000	0.4895010
Ht_chr18	19000000	20000000	0.4833030
Ht_chr18	20000000	21000000	0.4003050
Ht_chr18	21000000	22000000	0.5249990
Ht_chr18	22000000	23000000	0.5815650
Ht_chr18	23000000	24000000	0.4635410
Ht_chr18	24000000	25000000	0.4451100
Ht_chr18	25000000	26000000	0.4623170
Ht_chr18	26000000	27000000	0.3737590
Ht_chr18	27000000	28000000	0.4825010
Ht_chr18	28000000	29000000	0.3490100
Ht_chr18	29000000	30000000	0.4291310
Ht_chr18	30000000	31000000	0.5256800
Ht_chr18	31000000	32000000	0.5163020
Ht_chr18	32000000	33000000	0.4516070
Ht_chr18	33000000	34000000	0.4378870
Ht_chr18	34000000	34653730	0.5103819
Ht_chr19	0	1000000	0.5254680
Ht_chr19	1000000	2000000	0.5089330
Ht_chr19	2000000	3000000	0.4824740
Ht_chr19	3000000	4000000	0.4716500
Ht_chr19	4000000	5000000	0.4203810
Ht_chr19	5000000	6000000	0.5008950
Ht_chr19	6000000	7000000	0.4882650
Ht_chr19	7000000	8000000	0.4700950
Ht_chr19	8000000	9000000	0.4754390
Ht_chr19	9000000	10000000	0.5533460
Ht_chr19	10000000	11000000	0.5730830
Ht_chr19	11000000	12000000	0.5647050
Ht_chr19	12000000	13000000	0.5168290
Ht_chr19	13000000	14000000	0.5172620
Ht_chr19	14000000	15000000	0.5149870
Ht_chr19	15000000	16000000	0.4302350
Ht_chr19	16000000	17000000	0.4125990
Ht_chr19	17000000	18000000	0.4778620
Ht_chr19	18000000	19000000	0.4890960
Ht_chr19	19000000	20000000	0.4719700
Ht_chr19	20000000	21000000	0.5071610
Ht_chr19	21000000	22000000	0.3877130
Ht_chr19	22000000	23000000	0.3885990
Ht_chr19	23000000	24000000	0.5538710
Ht_chr19	24000000	25000000	0.4961640
Ht_chr19	25000000	26000000	0.4562740
Ht_chr19	26000000	27000000	0.6673560
Ht_chr19	27000000	28000000	0.5616620
Ht_chr19	28000000	29000000	0.4559050
Ht_chr19	29000000	30000000	0.4568130
Ht_chr19	30000000	31000000	0.4629710
Ht_chr19	31000000	32000000	0.5120660
Ht_chr19	32000000	32068665	0.7279983
Ht_chr20	0	1000000	0.5267790
Ht_chr20	1000000	2000000	0.5422710
Ht_chr20	2000000	3000000	0.4239590
Ht_chr20	3000000	4000000	0.3973900
Ht_chr20	4000000	5000000	0.4837850
Ht_chr20	5000000	6000000	0.4026750
Ht_chr20	6000000	7000000	0.4204570
Ht_chr20	7000000	8000000	0.3248160
Ht_chr20	8000000	9000000	0.5011620
Ht_chr20	9000000	10000000	0.3926440
Ht_chr20	10000000	11000000	0.4135480
Ht_chr20	11000000	12000000	0.4590210
Ht_chr20	12000000	13000000	0.4498590
Ht_chr20	13000000	14000000	0.3871720
Ht_chr20	14000000	15000000	0.4536160
Ht_chr20	15000000	16000000	0.4944020
Ht_chr20	16000000	17000000	0.5431190
Ht_chr20	17000000	18000000	0.3834710
Ht_chr20	18000000	19000000	0.4231620
Ht_chr20	19000000	20000000	0.4946120
Ht_chr20	20000000	21000000	0.5428420
Ht_chr20	21000000	22000000	0.4729710
Ht_chr20	22000000	23000000	0.5466280
Ht_chr20	23000000	24000000	0.4694470
Ht_chr20	24000000	25000000	0.5470020
Ht_chr20	25000000	26000000	0.5259210
Ht_chr20	26000000	27000000	0.5979760
Ht_chr20	27000000	28000000	0.6928490
Ht_chr20	28000000	29000000	0.4245440
Ht_chr20	29000000	30000000	0.4610080
Ht_chr20	30000000	31000000	0.5356450
Ht_chr20	31000000	31864130	0.5069839
Ht_chr21	0	1000000	0.5659220
Ht_chr21	1000000	2000000	0.5451640
Ht_chr21	2000000	3000000	0.4693480
Ht_chr21	3000000	4000000	0.5109990
Ht_chr21	4000000	5000000	0.4397780
Ht_chr21	5000000	6000000	0.5739480
Ht_chr21	6000000	7000000	0.5525200
Ht_chr21	7000000	8000000	0.4993930
Ht_chr21	8000000	9000000	0.5118130
Ht_chr21	9000000	10000000	0.4547880
Ht_chr21	10000000	11000000	0.4997470
Ht_chr21	11000000	12000000	0.4423480
Ht_chr21	12000000	13000000	0.5191710
Ht_chr21	13000000	14000000	0.5070550
Ht_chr21	14000000	15000000	0.5415710
Ht_chr21	15000000	16000000	0.5123710
Ht_chr21	16000000	17000000	0.5349360
Ht_chr21	17000000	18000000	0.4366000
Ht_chr21	18000000	19000000	0.4552350
Ht_chr21	19000000	20000000	0.4411850
Ht_chr21	20000000	21000000	0.6093250
Ht_chr21	21000000	22000000	0.5767530
Ht_chr21	22000000	23000000	0.6307250
Ht_chr21	23000000	24000000	0.5878980
Ht_chr21	24000000	25000000	0.4693670
Ht_chr21	25000000	26000000	0.5232450
Ht_chr21	26000000	27000000	0.4997920
Ht_chr21	27000000	28000000	0.5724640
Ht_chr21	28000000	29000000	0.5572680
Ht_chr21	29000000	30000000	0.6368630
Ht_chr21	30000000	31000000	0.5738260
Ht_chr21	31000000	31707795	0.5259786

